5 1 21 12 10 
12 14 18 13 2 
6 11 18 25 5 
15 16 3 3 24 
5 6 15 12 3 
22 17 3 22 21 
2 6 12 8 7 
16 11 10 17 19 
22 6 22 6 5 
12 9 10 24 23 
17 15 3 15 10 
21 1 7 21 10 
8 17 14 24 21 
17 19 22 21 4 
10 18 6 11 2 
5 18 17 11 23 
13 23 11 2 6 
1 21 3 22 15 
21 9 10 10 15 
11 19 7 3 16 
21 17 19 20 22 
25 7 12 2 12 
7 15 22 13 14 
18 4 2 4 6 
2 2 22 5 16 
7 18 11 7 15 
15 4 3 8 4 
6 25 9 25 19 
8 25 9 20 23 
6 7 10 17 1 
15 9 5 9 20 
17 1 10 8 3 
8 3 11 15 18 
21 19 23 5 12 
13 4 15 17 14 
11 15 19 11 16 
13 11 14 1 25 
12 18 5 7 20 
25 22 23 5 6 
10 13 7 3 16 
6 15 16 10 10 
14 13 14 20 15 
12 15 12 18 4 
23 14 15 17 19 
19 16 12 15 12 
4 25 17 25 3 
6 15 11 3 21 
15 11 9 10 10 
25 8 4 13 18 
20 24 6 18 15 
18 17 13 21 12 
23 14 2 25 10 
13 21 25 7 3 
17 21 25 25 7 
2 2 21 15 4 
5 16 6 9 10 
2 20 6 8 18 
6 19 11 23 17 
17 22 24 23 9 
9 20 21 6 2 
11 11 4 9 16 
16 2 16 6 7 
22 11 9 15 2 
5 1 12 7 13 
8 14 17 8 13 
18 25 19 23 16 
8 7 23 17 11 
10 12 25 3 6 
21 24 19 14 6 
7 1 24 25 17 
9 25 8 1 8 
1 24 25 7 13 
8 3 21 10 10 
19 17 3 25 22 
4 7 14 14 22 
24 1 15 25 15 
14 25 10 4 15 
18 2 22 8 7 
16 8 24 19 22 
2 2 4 13 7 
2 23 5 14 25 
25 16 12 4 7 
9 4 4 13 7 
11 11 14 13 2 
13 7 13 20 21 
15 25 19 9 11 
4 9 13 10 12 
3 21 9 17 16 
9 17 6 25 12 
15 17 10 24 17 
16 13 4 8 7 
2 4 15 9 10 
21 2 18 6 25 
9 2 18 13 2 
17 6 8 5 17 
10 3 10 12 8 
23 7 2 22 16 
7 3 7 22 4 
10 14 10 4 16 
13 4 13 1 18 
21 9 4 9 11 
2 4 11 24 24 
15 4 1 20 11 
18 8 11 21 9 
22 15 9 6 13 
19 1 1 1 15 
23 2 16 25 2 
18 23 6 2 15 
14 14 14 1 9 
11 12 18 16 4 
18 23 11 13 9 
8 16 11 18 7 
16 24 9 4 18 
17 8 2 6 22 
10 2 7 10 12 
9 9 23 18 11 
24 18 7 20 17 
9 7 6 3 12 
12 14 12 21 20 
13 7 4 16 6 
14 14 25 25 4 
4 8 19 5 9 
13 20 18 13 20 
22 4 10 25 20 
3 13 14 3 10 
10 15 7 20 14 
16 10 10 17 11 
14 24 18 25 2 
23 15 15 5 13 
9 21 17 20 13 
6 10 2 4 21 
24 23 10 6 11 
7 24 1 7 18 
10 5 9 13 11 
16 14 10 19 8 
16 7 10 4 6 
21 24 21 18 11 
20 10 10 5 13 
5 21 11 14 20 
14 13 19 10 21 
10 18 19 20 1 
21 6 24 22 13 
3 20 6 23 8 
18 4 14 3 11 
18 1 14 12 8 
7 16 2 24 19 
5 6 11 2 19 
12 22 25 12 3 
22 2 11 12 23 
24 7 8 12 5 
21 21 15 23 11 
25 1 16 12 19 
1 12 2 5 4 
14 6 1 20 12 
9 12 15 2 16 
6 8 18 16 9 
22 18 24 21 11 
1 7 8 4 21 
25 4 13 12 4 
25 1 16 22 1 
10 4 22 23 22 
4 1 16 9 17 
22 13 2 7 10 
13 25 23 18 6 
25 4 20 22 20 
6 6 25 24 4 
15 14 11 25 4 
18 19 17 9 16 
23 14 15 10 2 
20 8 19 19 14 
23 16 13 17 2 
14 3 13 20 20 
3 2 3 25 4 
25 22 9 4 11 
10 8 14 4 22 
12 19 7 8 21 
3 16 24 15 13 
4 2 25 20 2 
10 23 9 6 4 
14 22 2 4 24 
22 4 25 16 22 
5 21 3 14 18 
14 20 10 24 21 
5 7 10 5 15 
18 10 3 17 13 
20 17 11 15 20 
7 15 3 18 19 
18 15 3 10 11 
1 22 10 5 2 
10 21 19 15 20 
14 2 5 16 3 
8 6 9 17 12 
10 21 2 7 10 
11 11 24 9 16 
22 13 5 8 20 
11 5 23 20 20 
23 2 7 8 19 
11 10 3 12 10 
21 21 5 18 10 
19 4 3 19 6 
25 5 15 4 5 
25 17 25 22 2 
23 12 12 22 23 
4 22 17 3 21 
24 10 16 15 13 
8 12 4 13 11 
13 2 18 18 10 
2 25 8 22 20 
6 2 5 24 11 
17 11 9 24 7 
6 8 11 17 24 
14 15 17 16 11 
13 17 24 7 7 
4 7 1 16 13 
19 19 10 8 19 
18 16 3 13 18 
8 14 13 25 22 
10 15 19 9 13 
4 5 5 18 10 
11 10 24 20 11 
17 23 10 25 1 
18 8 16 12 25 
21 4 4 12 23 
15 8 8 22 21 
23 4 23 1 24 
19 3 7 16 3 
3 15 20 5 17 
21 15 11 10 1 
18 13 14 12 3 
13 19 8 1 9 
12 4 5 23 2 
11 1 19 18 12 
6 25 22 12 17 
7 8 20 8 5 
15 14 12 2 6 
12 22 18 15 15 
10 23 25 21 12 
22 14 6 7 19 
12 2 25 24 11 
11 4 9 24 24 
5 1 21 11 1 
21 11 20 17 20 
5 19 18 4 7 
14 3 17 24 23 
23 11 16 5 12 
11 5 15 18 11 
22 7 20 1 5 
18 22 11 12 5 
24 10 17 9 5 
25 14 7 14 25 
1 19 13 16 12 
16 18 16 13 20 
1 5 11 3 25 
5 22 8 3 7 
13 11 24 15 6 
1 1 25 10 3 
7 20 25 22 18 
17 12 10 8 17 
19 13 17 11 21 
2 21 21 13 11 
16 20 25 4 5 
7 20 12 14 10 
24 25 9 13 20 
14 12 18 2 8 
20 14 7 17 3 
5 1 12 5 17 
7 8 8 4 6 
23 19 19 20 11 
12 5 1 19 12 
22 20 15 13 4 
2 24 16 3 23 
10 19 1 14 9 
2 21 17 2 16 
9 4 18 13 9 
10 12 1 8 1 
2 18 20 8 2 
21 21 20 20 7 
9 24 18 17 6 
18 2 23 3 17 
17 5 18 6 15 
2 24 14 23 23 
15 12 18 25 16 
22 12 2 23 6 
17 2 23 4 7 
11 7 18 24 21 
24 23 22 7 8 
21 24 17 11 6 
18 20 9 11 12 
8 13 22 1 24 
23 5 23 15 10 
23 14 19 9 7 
13 25 2 24 19 
3 20 21 23 24 
17 13 10 23 22 
4 24 21 4 17 
23 11 18 15 11 
10 1 17 16 17 
10 16 10 4 23 
9 7 8 11 19 
20 13 25 24 4 
25 25 25 20 22 
18 11 12 19 13 
16 16 15 23 8 
12 25 17 14 25 
2 13 25 21 5 
6 17 18 22 12 
25 10 11 3 9 
11 3 2 12 17 
7 5 1 14 25 
13 1 19 24 4 
18 1 14 19 8 
12 21 20 17 25 
25 14 15 16 24 
9 21 11 6 6 
13 11 7 14 18 
23 14 15 17 2 
8 9 6 3 16 
14 6 23 12 14 
17 5 4 24 17 
11 6 17 17 13 
25 4 2 3 1 
12 6 15 22 21 
17 23 10 23 1 
5 11 20 5 6 
18 20 14 5 16 
8 14 12 24 3 
6 9 13 17 22 
6 12 13 12 4 
20 7 16 1 2 
25 4 24 7 7 
15 14 10 16 1 
5 8 24 11 5 
4 8 6 2 9 
10 24 1 13 14 
23 21 16 16 22 
15 8 11 23 23 
21 16 16 10 8 
2 8 8 10 19 
5 8 3 10 11 
5 1 1 23 20 
21 19 18 13 17 
7 13 19 9 3 
4 14 8 12 13 
4 14 17 7 5 
2 25 9 20 13 
4 3 23 7 1 
2 17 2 6 12 
1 2 7 25 25 
4 2 9 25 5 
7 11 20 6 3 
8 3 24 6 4 
13 7 13 3 6 
18 13 2 9 24 
11 3 19 8 2 
24 24 25 8 24 
4 8 25 22 2 
21 9 6 19 17 
7 23 9 23 23 
9 13 18 10 25 
25 14 8 8 14 
21 20 6 1 15 
2 12 9 19 15 
4 6 18 24 12 
17 11 20 5 16 
17 6 2 16 5 
11 9 14 20 11 
5 10 16 22 9 
9 12 19 8 1 
20 5 17 21 16 
22 5 1 15 24 
21 2 15 5 14 
12 25 24 21 6 
12 12 9 20 19 
23 11 5 8 16 
25 2 17 16 16 
12 22 7 5 19 
19 20 21 19 12 
12 7 17 16 5 
16 13 3 5 12 
10 12 14 7 5 
25 25 13 9 4 
11 6 17 2 5 
16 22 8 9 11 
8 11 12 15 19 
24 19 17 11 21 
19 15 5 19 9 
16 21 25 19 25 
24 16 24 20 8 
9 8 12 24 2 
1 5 10 2 1 
17 13 14 18 16 
6 19 23 14 11 
20 16 14 7 5 
5 18 14 17 25 
12 9 15 14 19 
10 25 11 25 22 
7 24 17 24 12 
25 15 21 11 1 
6 15 24 20 1 
13 21 1 7 20 
5 5 12 1 13 
3 25 1 25 8 
19 19 9 25 18 
16 21 3 25 10 
17 25 13 1 16 
19 17 18 14 8 
3 10 21 5 11 
12 21 13 16 8 
10 9 5 4 22 
3 21 1 21 21 
13 5 6 17 6 
19 18 3 18 3 
14 8 5 5 14 
13 12 24 21 2 
23 18 7 2 4 
18 15 1 22 8 
4 17 8 2 10 
7 15 8 9 14 
10 25 20 4 25 
23 5 21 1 19 
9 20 3 5 19 
17 1 13 16 6 
5 15 18 15 25 
8 15 16 10 4 
8 12 14 18 12 
6 25 24 22 11 
13 6 13 10 6 
18 8 25 11 8 
23 19 18 14 10 
11 13 18 16 5 
16 21 17 12 25 
10 8 7 6 1 
14 1 3 8 16 
24 19 14 10 1 
16 6 5 16 19 
25 21 14 16 13 
13 17 13 4 7 
21 6 3 13 25 
7 21 22 19 6 
13 9 9 17 2 
18 3 8 17 21 
16 1 23 25 12 
16 3 1 6 15 
23 7 22 7 9 
6 17 10 1 12 
20 17 17 7 19 
17 10 10 10 6 
7 6 22 16 25 
14 15 5 10 14 
12 14 6 21 20 
1 25 2 20 4 
19 1 9 12 24 
24 17 18 19 3 
10 10 12 7 18 
2 20 21 16 17 
17 20 9 14 20 
8 11 15 12 13 
5 11 25 23 22 
18 16 8 8 5 
12 19 3 17 17 
2 15 2 21 22 
12 11 17 23 4 
13 25 22 23 19 
6 24 11 13 15 
20 14 25 10 9 
10 2 12 25 16 
15 17 1 19 24 
5 12 3 9 20 
23 7 7 15 13 
16 16 1 25 24 
5 16 15 6 8 
10 14 8 8 17 
24 13 2 19 21 
6 2 12 25 2 
8 8 16 2 10 
14 1 8 21 14 
15 20 20 22 25 
21 11 5 23 20 
21 11 1 9 8 
2 15 21 7 18 
14 20 11 20 6 
5 5 16 3 23 
13 18 25 17 11 
23 11 21 22 2 
1 11 16 9 11 
7 10 23 19 17 
17 7 4 23 17 
3 2 12 17 3 
5 17 16 5 17 
9 8 3 20 22 
22 24 12 17 16 
5 1 12 18 6 
16 6 15 25 12 
17 24 22 16 17 
6 11 3 16 1 
14 16 9 21 20 
7 19 15 23 13 
2 17 21 6 5 
5 20 17 13 11 
2 5 7 3 20 
16 7 4 2 2 
16 17 7 11 19 
15 25 4 21 4 
3 19 5 22 18 
13 10 3 5 7 
9 25 20 21 12 
1 4 14 6 16 
6 12 3 1 16 
19 24 16 6 8 
3 4 21 20 7 
23 12 7 1 9 
15 6 15 2 22 
2 21 1 13 1 
15 19 16 5 5 
25 11 11 2 4 
7 10 13 20 1 
11 13 15 24 9 
4 7 3 23 5 
12 3 12 12 8 
14 14 3 17 13 
11 2 18 15 16 
21 13 18 11 2 
23 15 19 24 6 
25 18 25 25 18 
23 25 25 9 11 
4 2 21 12 20 
16 5 8 25 2 
9 17 12 8 20 
15 24 25 2 11 
24 3 5 12 8 
4 11 9 23 21 
9 11 9 15 11 
22 15 25 19 8 
1 20 9 3 22 
23 3 22 19 11 
5 23 17 12 14 
14 22 22 23 25 
17 10 5 15 18 
7 18 21 14 19 
9 21 24 21 17 
8 12 11 15 3 
18 19 14 5 18 
9 21 21 14 10 
24 2 22 5 23 
2 8 7 6 11 
1 6 2 6 5 
15 5 22 19 1 
23 16 18 1 18 
18 14 17 7 25 
24 10 5 9 24 
19 20 12 15 16 
6 24 5 24 23 
13 6 4 4 7 
18 18 19 19 3 
4 21 4 5 22 
23 23 22 12 5 
25 10 11 15 18 
25 8 14 9 20 
21 14 20 3 9 
14 4 23 25 12 
15 20 5 19 12 
4 22 13 5 16 
14 4 24 9 5 
16 23 19 11 15 
13 14 25 21 12 
13 23 4 15 19 
10 20 7 13 1 
15 2 25 3 23 
13 24 24 18 23 
17 25 18 25 11 
14 13 3 18 11 
23 1 1 4 7 
24 3 20 24 6 
14 1 2 16 16 
23 2 15 11 24 
6 20 22 14 17 
16 4 20 5 18 
3 24 17 19 13 
15 15 22 1 25 
19 21 10 20 10 
16 3 25 14 10 
3 21 16 14 20 
16 11 25 6 9 
1 21 14 18 19 
8 13 4 4 20 
6 2 10 23 18 
8 4 14 20 10 
22 15 8 12 6 
17 9 5 15 13 
16 20 4 11 6 
5 12 23 7 18 
9 19 13 11 18 
13 5 6 16 11 
13 6 8 7 25 
21 5 5 13 23 
17 11 21 18 18 
2 1 7 16 7 
21 13 4 21 2 
13 17 7 15 24 
13 22 5 15 14 
2 14 19 18 15 
7 7 16 3 20 
21 25 3 11 16 
19 24 5 5 25 
5 25 12 19 7 
21 3 11 22 3 
13 9 15 19 5 
7 5 20 23 12 
19 14 16 13 12 
7 23 3 7 12 
15 9 7 14 14 
19 20 16 20 13 
8 21 5 1 3 
25 23 3 13 2 
1 7 5 18 23 
20 13 17 6 16 
23 21 22 17 14 
10 22 12 24 20 
7 6 5 7 21 
25 6 23 12 16 
11 23 22 19 22 
10 20 11 19 6 
9 12 7 7 24 
11 22 7 25 6 
24 5 17 7 18 
15 21 24 25 5 
23 8 2 25 1 
22 4 3 21 16 
19 5 17 15 11 
5 10 12 1 23 
17 18 19 7 1 
24 8 3 12 23 
1 23 13 10 23 
7 9 17 16 21 
1 13 12 4 9 
5 25 5 16 6 
10 24 4 20 16 
17 14 10 1 12 
7 22 7 9 7 
25 8 2 11 23 
18 17 17 22 11 
10 6 6 16 15 
11 10 2 22 22 
3 9 15 4 16 
22 20 23 20 12 
12 6 6 11 9 
2 4 5 11 21 
1 22 2 7 14 
19 24 9 9 6 
2 9 15 1 23 
24 21 5 4 16 
5 4 16 6 23 
24 19 7 9 3 
11 19 6 25 23 
10 8 20 16 13 
18 20 9 7 18 
6 9 17 13 18 
10 11 4 21 2 
23 3 10 18 7 
9 22 2 4 4 
12 9 18 24 21 
13 23 15 16 22 
16 17 16 19 11 
12 25 4 3 6 
23 8 8 22 18 
4 6 19 14 21 
8 17 4 15 19 
21 21 5 23 15 
8 7 16 23 22 
13 14 1 21 21 
13 1 8 12 19 
6 10 24 21 20 
4 4 12 12 16 
22 13 15 24 3 
23 23 2 17 14 
18 8 16 17 23 
22 6 17 21 25 
25 25 8 15 6 
11 16 8 13 10 
10 16 4 1 25 
16 8 12 18 13 
15 15 16 15 8 
25 3 20 25 21 
10 11 1 4 11 
3 6 18 22 14 
5 3 17 6 21 
14 20 24 24 9 
16 18 17 13 1 
11 22 21 18 16 
7 2 16 8 5 
18 16 20 11 7 
18 10 24 18 4 
4 25 25 9 10 
17 13 6 1 4 
20 22 20 10 9 
3 21 23 23 11 
8 21 9 15 18 
6 4 2 13 8 
6 3 15 12 2 
18 1 10 1 12 
14 8 22 15 24 
25 19 19 11 20 
6 16 20 5 5 
6 18 12 24 8 
23 24 18 1 7 
10 20 13 19 6 
6 3 12 21 19 
7 12 7 5 24 
4 10 20 12 7 
5 8 25 23 10 
3 22 1 21 8 
2 1 11 24 21 
23 2 24 10 17 
6 12 10 17 9 
4 25 10 18 14 
23 1 8 16 12 
3 1 7 2 20 
23 15 13 12 4 
21 5 6 15 13 
17 4 24 21 5 
1 19 7 20 16 
12 22 6 2 7 
23 24 1 4 11 
12 22 16 1 20 
6 20 12 21 2 
15 5 14 24 19 
4 15 19 24 1 
19 15 16 13 12 
21 25 12 8 2 
8 12 3 23 15 
22 2 22 18 9 
11 16 25 23 8 
10 5 10 1 11 
9 24 4 25 18 
24 3 10 8 1 
14 18 12 15 4 
18 15 3 23 4 
6 8 3 9 8 
17 5 9 15 24 
7 23 10 6 25 
25 13 17 7 9 
21 8 25 6 12 
12 15 23 1 1 
19 16 17 3 25 
10 9 18 6 6 
14 6 12 6 2 
12 2 9 18 18 
5 25 15 1 19 
2 10 10 21 6 
9 20 11 20 12 
14 24 19 20 16 
23 22 22 22 1 
20 9 5 16 20 
2 19 21 25 10 
24 19 9 10 2 
22 19 15 19 25 
13 3 22 15 14 
4 6 15 25 13 
25 21 4 11 16 
16 12 23 19 25 
8 21 22 15 5 
5 18 11 10 13 
12 20 20 4 24 
7 24 9 17 10 
11 16 7 12 17 
19 3 2 17 10 
12 17 22 9 6 
18 19 3 5 17 
2 25 14 2 5 
24 24 8 6 3 
24 13 23 24 20 
9 6 19 3 16 
24 10 12 5 22 
5 21 25 10 14 
24 8 2 4 21 
9 4 18 18 14 
7 20 8 24 16 
22 23 2 2 9 
9 8 4 6 10 
14 9 11 23 22 
21 5 9 20 8 
17 7 19 18 5 
1 21 9 23 24 
3 25 9 21 14 
15 15 9 11 3 
17 8 10 25 17 
4 24 11 19 14 
8 4 13 2 14 
4 24 5 6 7 
5 11 18 6 9 
13 1 18 15 22 
10 23 7 1 7 
10 3 16 21 1 
21 3 22 8 20 
7 12 12 21 19 
1 10 3 3 25 
7 2 3 23 10 
4 23 13 5 21 
22 25 24 7 6 
19 3 7 10 15 
15 15 17 17 10 
11 13 22 24 18 
13 12 18 22 18 
21 17 21 9 20 
21 2 11 6 7 
24 23 12 23 20 
17 2 15 4 6 
13 18 12 16 14 
25 8 13 11 18 
14 11 17 5 22 
22 23 10 7 15 
8 2 6 14 11 
13 3 24 17 11 
12 17 19 19 11 
24 15 3 13 12 
8 7 7 14 15 
11 20 17 15 21 
21 3 4 24 9 
11 14 2 11 3 
22 21 1 23 16 
20 4 16 17 22 
16 4 21 25 11 
11 11 8 23 11 
18 12 17 2 21 
13 19 12 22 17 
11 7 19 8 22 
25 23 22 23 6 
19 3 3 25 4 
9 12 14 11 15 
15 20 16 19 4 
18 2 18 13 15 
12 15 4 14 5 
25 17 16 15 3 
20 7 1 21 15 
14 12 6 19 16 
10 2 18 1 5 
4 14 14 7 18 
20 18 3 2 9 
22 10 9 22 15 
21 19 17 20 23 
22 12 24 14 18 
2 13 21 16 14 
5 24 13 19 6 
9 16 2 13 22 
23 5 16 11 20 
19 18 4 9 24 
7 13 15 20 20 
22 2 18 8 13 
24 12 16 10 15 
11 18 11 14 22 
1 18 19 17 22 
11 5 11 12 18 
13 19 25 2 8 
10 20 19 6 11 
1 21 23 23 11 
8 25 24 21 13 
3 23 17 4 3 
13 24 2 15 25 
14 2 7 20 21 
19 11 17 1 12 
15 14 11 22 18 
2 18 8 21 5 
14 24 11 15 23 
13 24 5 8 5 
20 19 8 18 25 
16 9 10 23 1 
5 16 1 20 7 
23 21 1 13 13 
16 22 4 11 13 
13 2 9 10 2 
6 2 17 6 20 
8 11 4 12 4 
3 25 1 22 16 
2 25 22 5 23 
12 21 9 13 2 
4 23 11 25 13 
20 1 13 10 23 
17 1 2 17 21 
3 5 20 6 18 
5 3 7 4 21 
23 24 20 7 14 
13 9 4 19 17 
16 14 4 17 11 
24 2 23 23 19 
11 8 3 23 23 
16 11 23 7 2 
24 15 3 4 15 
25 24 2 21 4 
19 15 4 18 24 
22 25 4 17 8 
1 24 13 25 19 
17 14 12 4 3 
15 2 10 1 17 
22 21 19 13 8 
5 9 2 6 12 
20 18 11 1 10 
22 22 24 10 2 
10 21 8 23 18 
22 21 7 9 22 
5 11 17 20 4 
1 10 6 24 12 
13 10 7 11 13 
1 5 12 1 21 
4 17 11 25 21 
5 18 9 7 2 
7 12 20 8 17 
24 17 19 7 14 
15 10 1 20 20 
10 23 24 23 16 
4 15 3 19 19 
5 2 22 4 11 
15 5 18 24 9 
11 20 20 13 1 
18 2 8 19 12 
24 6 20 9 25 
5 6 8 25 25 
9 19 9 18 1 
22 6 5 23 20 
6 4 19 17 18 
10 10 1 22 15 
24 19 3 15 7 
25 14 23 3 6 
11 2 15 10 15 
21 17 18 1 23 
23 10 16 11 13 
7 5 23 4 14 
15 1 7 7 20 
3 15 6 12 12 
25 1 11 15 16 
24 3 1 20 1 
18 16 14 23 12 
15 21 6 14 15 
19 6 7 8 11 
19 13 13 10 16 
15 1 24 19 2 
11 20 15 14 20 
21 6 2 6 12 
17 18 6 21 17 
10 2 6 10 22 
4 12 16 18 18 
10 19 18 5 20 
6 20 15 3 23 
15 11 5 15 12 
22 20 3 3 20 
21 11 19 25 13 
10 20 6 1 7 
19 4 5 19 6 
23 1 9 13 18 
10 21 13 21 13 
12 1 3 20 3 
11 13 5 15 24 
23 13 24 8 23 
5 15 14 2 6 
24 3 13 16 22 
5 13 4 21 16 
1 16 12 7 3 
9 25 19 7 4 
3 5 5 21 25 
5 22 15 11 5 
19 22 9 11 8 
12 21 13 6 18 
3 3 8 13 2 
21 23 17 7 16 
9 5 21 10 22 
18 4 19 4 23 
1 23 1 11 23 
5 18 10 15 4 
15 22 17 4 14 
17 6 25 12 23 
9 7 6 5 5 
21 4 7 6 16 
4 20 3 19 9 
5 9 17 25 21 
23 4 20 13 14 
20 8 8 17 6 
8 13 25 10 17 
11 13 18 23 13 
18 24 15 23 24 
1 23 7 6 24 
4 22 14 20 9 
4 17 9 14 24 
5 10 6 13 19 
16 2 14 17 18 
7 20 13 6 8 
22 21 22 24 16 
24 9 23 21 20 
13 13 8 5 18 
1 9 20 24 21 
3 23 5 23 2 
13 23 7 3 2 
15 18 18 21 16 
24 24 23 14 13 
4 6 17 2 16 
14 10 2 7 25 
18 21 19 10 1 
16 23 7 22 6 
15 2 6 15 20 
8 9 12 21 16 
11 3 22 8 22 
5 12 9 19 8 
